image: ./carto.pgm
resolution: 0.050000
origin: [-5.603642, -4.242693, 0.000000]
negate: 0
occupied_thresh: 0.65
free_thresh: 0.196

