image: ./real_factory_no_camera.pgm
resolution: 0.050000
origin: [-2.500000, -15.300000, 0.000000]
negate: 0
occupied_thresh: 0.65
free_thresh: 0.196

