image: ./warehouse_karto.pgm
resolution: 0.050000
origin: [-2.346270, -19.596667, 0.000000]
negate: 0
occupied_thresh: 0.65
free_thresh: 0.196

