image: ./world3.pgm
resolution: 0.050000
origin: [-12.058535, -11.051153, 0.000000]
negate: 0
occupied_thresh: 0.65
free_thresh: 0.196

